ep: 0	reward: 81.8880000000003	timer: 10.0	goals: 0
ep: 1	reward: -21.1799999999999	timer: 10.0	goals: 0
