ep: 0	reward: -18.640999999999	timer: 10.0	goals: 0
ep: 1	reward: -320.734000000001	timer: 10.0	goals: 0
ep: 2	reward: -120.328999999999	timer: 10.0	goals: 0
