ep: 0	reward: 82.1290000000006	timer: 10.0	goals: 0
ep: 1	reward: -19.892	timer: 10.0	goals: 0
ep: 2	reward: -25.7959999999999	timer: 10.0	goals: 0
