ep: 0	reward: 82.045000000002	timer: 10.0	goals: 0
ep: 1	reward: -317.743999999999	timer: 11.7	goals: 1
