ep: 0	reward: 315.199999999999	timer: 10.0	goals: 0
ep: 1	reward: 155.600000000001	timer: 10.0	goals: 0
ep: 2	reward: 200.000000000002	timer: 10.0	goals: 0
ep: 3	reward: 200.000000000002	timer: 10.0	goals: 0
