ep: 0	reward: -889.400000000003	timer: 10.0	goals: 0
ep: 1	reward: -622.600000000007	timer: 10.0	goals: 0
ep: 2	reward: -1326.40000000001	timer: 10.0	goals: 0
