ep: 0	reward: -2541.80000000001	timer: 15.7	goals: 1
ep: 1	reward: 85.1999999999998	timer: 30.7	goals: 2
