ep: 0	reward: -17.8869999999995	timer: 10.0	goals: 0
ep: 1	reward: -201.870000000001	timer: 30.0	goals: 3
