ep: 0	reward: -274.280000000001	timer: 10.0	goals: 0
ep: 1	reward: -228.019999999999	timer: 10.0	goals: 0
