ep: 0	reward: 312.399999999999	timer: 10.0	goals: 0
ep: 1	reward: 83.6000000000001	timer: 10.0	goals: 0
